210000.0 0.04
210000.0 0.04
210000.0 0.04
210000.0 0.04
210000.0 0.04
210000.0 0.04
210000.0 0.04
210000.0 0.04
210000.0 0.04
210000.0 0.04
210000.0 0.04
210000.0 0.04
210000.0 0.04
210000.0 0.04
210000.0 0.04
210000.0 0.04
210000.0 0.04
210000.0 0.04
210000.0 0.04
210000.0 0.04
210000.0 0.04
210000.0 0.04
210000.0 0.04
210000.0 0.04
210000.0 0.04
210000.0 0.04
210000.0 0.04
210000.0 0.04
210000.0 0.04
210000.0 0.04
210000.0 0.04
210000.0 0.04
210000.0 0.04
210000.0 0.04
210000.0 0.04
210000.0 0.04
210000.0 0.04
210000.0 0.04
210000.0 0.04
210000.0 0.04
210000.0 0.04
210000.0 0.04
210000.0 0.04
210000.0 0.04
210000.0 0.04
210000.0 0.04
210000.0 0.04
210000.0 0.04
210000.0 0.04
210000.0 0.04
210000.0 0.04
210000.0 0.04
210000.0 0.04
210000.0 0.04
210000.0 0.04
210000.0 0.04
210000.0 0.04
210000.0 0.04
210000.0 0.04
210000.0 0.04
210000.0 0.04
210000.0 0.04
210000.0 0.04
210000.0 0.04
210000.0 0.04
210000.0 0.04
210000.0 0.04
210000.0 0.04
210000.0 0.04
